// solve this system of linear equations: v * m = c in GF(2)

m = [
  1, 0, 0, 1, 0, 0, 0, 0, 0;
  1, 1, 1, 0, 1, 0, 0, 0, 0;
  1, 1, 1, 0, 0, 1, 0, 0, 0;
  0, 0, 0, 1, 1, 0, 1, 0, 0;
  0, 1, 0, 1, 1, 0, 0, 0, 0;
  0, 0, 1, 0, 0, 1, 0, 0, 1;
  0, 0, 0, 1, 0, 0, 1, 1, 1;
  0, 0, 0, 0, 1, 0, 0, 1, 0;
  0, 0, 0, 0, 0, 1, 1, 1, 1;
];

c = [1, 1, 1, 1, 1, 1, 1, 1, 1];

v = c * inv(m) * det(m) =   1.    2.    2.    
			                1.    1.    1.    
			                2.    1.    2

v' = v (mod 2)		=       1.    0.    0.
			                1.    1.    1.
			                0.    1.    0.
